"[[-2.9462179037551084, 3.1582997010548945, -3.8653379008382727, -4.788379390944301, 3.4390704525209115]]"
"[[1.9063614255906394, 7.911463993643183, 10.730801414041187, -2.104750444129883, 6.603457850688277],
 [-1.5131074231818433, 0.9325005207485486, 1.9042144895777924, -1.0634781277329681, 1.9174657371874697],
 [-0.859571706237143, -5.103156355373009, -5.629947518868605, -0.587631795956384, -3.209730673426108],
 [-0.03758397893197113, -0.6167526867740962, -3.57806078792369, 0.12175291833896741, -0.3831872750966135],
 [1.1311513875416914, 2.796702137981245, 8.730069147521924, -1.316569515103836, 3.732256692901543]]"
"[[2.10652700526622],
 [9.552458671386532],
 [15.56809300742157],
 [-2.4885646856994534],
 [8.569596939914115]]"
